[101, 97, 0]
[91, 54, 0]
[-14, 265, 0]
[120, 20, 0]
[-2, 162, 1]
[67, 106, 1]
[-21, 125, 0]
[230, -4, 0]
[88, 122, 1]
[22, 27, 0]
[-156, 193, 0]
[-162, 185, 1]
[16, 13, 0]
[6, 153, 1]
[-32, 64, 1]
[-227, 0, 0]
[5, 32, 1]
[78, 157, 0]
[-1, 162, 0]
[-58, 104, 1]
[127, 217, 0]
[-24, 59, 0]
[27, 27, 0]
[-40, 146, 1]
[-136, 218, 0]
[82, 137, 0]
[55, 100, 1]
[176, 228, 1]
[7, 157, 1]
[-111, 135, 0]
[-76, 125, 0]
[60, 25, 1]
[119, 121, 0]
[8, 153, 0]
[-11, 251, 0]
[-58, 23, 1]
[-85, 12, 1]
[-153, 204, 0]
[127, 222, 0]
[235, 79, 1]
[-42, 80, 0]
[0, 5, 1]
[-68, 253, 1]
[54, 74, 1]
[-157, 207, 0]
[91, 29, 1]
[16, 262, 0]
[-22, 69, 0]
[120, 94, 0]
[109, 4, 0]
[83, 22, 0]
[111, 71, 0]
[-188, 148, 1]
[22, 16, 0]
[67, 57, 0]
[-109, 237, 1]
[128, 100, 1]
[155, 139, 1]
[-3, 195, 0]
[32, 172, 0]
[-192, 168, 0]
[-26, 17, 1]
[-6, 37, 0]
[-52, 178, 0]
[-47, 164, 0]
[-91, 143, 1]
[-155, 4, 1]
[98, 252, 1]
[5, 206, 1]
[63, 94, 0]
[-49, 176, 1]
[47, 113, 1]
[79, 239, 0]
[3, 127, 0]
[-38, 170, 1]
[105, 23, 0]
[-101, 163, 1]
[17, 164, 0]
[-221, 194, 0]
[52, 12, 0]
[25, 2, 0]
[-92, 130, 1]
[0, -3, 1]
[54, 26, 0]
[67, 128, 0]
[96, 134, 1]
[10, -1, 1]
[61, 127, 0]
[58, 95, 0]
[-31, 22, 0]
[72, 153, 0]
[87, 68, 1]
[-3, 254, 1]
[0, 28, 1]
[-44, 689, 0]
[-100, 258, 0]
[96, 116, 0]
[-21, 51, 0]
[67, 117, 1]
[17, 262, 0]
[134, 122, 0]
[-4, 16, 1]
[4, 165, 1]
[70, 165, 1]
[114, 83, 1]
[102, 146, 1]
[220, 151, 0]
[7, 258, 0]
[157, 3, 0]
[1, -1, 1]
[66, 98, 0]
[-136, 83, 1]
[3, 163, 1]
[149, 96, 0]
[27, 162, 1]
[6, 165, 0]
[129, 218, 0]
[50, 84, 1]
[76, 124, 0]
[51, 172, 1]
[-42, 63, 1]
[2, 166, 0]
[4, 193, 0]
[-236, -16, 0]
[6, 58, 1]
[8, 16, 0]
[133, 96, 0]
[-54, 30, 1]
[105, 8, 1]
[-86, 84, 1]
[-231, -5, 0]
[111, 90, 1]
[-137, 238, 1]
[127, 242, 0]
[101, 96, 0]
[109, 142, 0]
[-129, 235, 1]
[132, 25, 1]
[9, 41, 1]
[32, 143, 0]
[98, 265, 1]
[75, 170, 0]
[95, 10, 0]
[81, 57, 0]
[61, 58, 0]
[-95, 257, 0]
[-109, 250, 0]
[-54, 260, 0]
[-63, 129, 0]
[45, 146, 1]
[20, 250, 1]
[-42, 55, 1]
[-140, 216, 0]
[-96, 235, 0]
[49, 173, 0]
[18, 259, 1]
[-93, 116, 0]
[4, 121, 1]
[139, 474, 0]
[28, 129, 1]
[111, 57, 1]
[-61, 130, 1]
[68, 122, 1]
[133, 73, 1]
[-142, 235, 1]
[16, 179, 0]
[143, 216, 0]
[105, 226, 0]
[12, 11, 0]
[126, 95, 0]
[-112, 222, 0]
[102, 251, 0]
[21, 158, 1]
[13, 7, 0]
[229, 9, 0]
[-143, 66, 0]
[-101, 78, 0]
[11, 21, 1]
[112, 64, 1]
[54, 95, 1]
[0, 10, 0]
[119, 493, 0]
[125, 125, 0]
[-63, 157, 0]
[-193, 162, 1]
[67, 115, 0]
[-79, 260, 0]
[-85, 12, 1]
[-169, 225, 0]
[0, 125, 0]
[-146, 213, 0]
[157, 204, 1]
[112, 150, 0]
[39, 43, 1]
[66, 85, 1]
[77, 147, 0]
[137, -17, 1]
[-125, 242, 0]
[103, 136, 1]
[-40, 164, 1]
[-4, 17, 0]
[-123, 243, 0]
[-3, 150, 1]
[88, 162, 0]
[-25, 21, 1]
[-2, 143, 1]
[25, 22, 1]
[143, 205, 0]
[68, 134, 0]
[38, 158, 1]
[12, 9, 1]
[-158, 220, 1]
[-21, 253, 1]
[142, 219, 0]
[229, 38, 0]
[109, 106, 0]
[45, 80, 1]
[27, 38, 0]
[3, 75, 1]
[24, 57, 1]
[93, 130, 1]
[-195, 161, 1]
[50, 78, 1]
[209, 155, 0]
[92, 62, 0]
[1, 271, 0]
[-1, 132, 1]
[-1, 148, 1]
[-44, 160, 1]
[-231, -5, 1]
[4, 6, 1]
[93, 101, 0]
[6, 128, 1]
[130, 2, 0]
[103, 91, 0]
[-35, 275, 0]
[3, 153, 0]
[143, 3, 0]
[-74, 137, 0]
[126, 94, 1]
[13, 115, 0]
[44, 150, 0]
[51, 163, 0]
[82, 90, 0]
[23, 68, 1]
[19, 246, 0]
[19, 157, 1]
[110, 80, 1]
[5, 84, 0]
[71, 256, 0]
[62, 159, 1]
[-32, 134, 0]
[26, 79, 0]
[113, 125, 1]
[-106, 247, 1]
[49, 125, 1]
[93, 68, 0]
[-53, 155, 1]
[114, 24, 1]
[-156, 42, 0]
[-69, 136, 1]
[-85, 55, 1]
[103, 122, 1]
[85, 90, 1]
[104, 243, 1]
[19, 253, 1]
[-185, 158, 0]
[-106, 236, 0]
[57, 81, 1]
[116, 74, 1]
[3, 260, 1]
[119, 134, 1]
[162, 199, 1]
[-202, 153, 0]
[108, 97, 1]
[-50, 154, 0]
[13, 7, 0]
[130, 121, 0]
[10, 78, 1]
[177, 196, 1]
[34, 192, 0]
[98, 137, 1]
[23, 5, 1]
[-4, 268, 0]
[-66, 246, 0]
[9, 122, 0]
[10, 1, 1]
[-50, 254, 1]
[36, 43, 0]
[57, 96, 0]
[-44, 153, 1]
[-230, -2, 0]
[-223, 51, 0]
[-177, 174, 1]
[-95, 240, 1]
[-52, 256, 0]
[0, 9, 1]
[112, 161, 1]
[98, 150, 1]
[73, 124, 0]
[195, 195, 0]
[30, 166, 1]
[38, 272, 0]
[-34, 272, 0]
[-130, 248, 0]
[14, 42, 1]
[49, 136, 1]
[8, 13, 1]
[26, 191, 0]
[-14, 221, 1]
[71, 136, 0]
[101, 239, 0]
[8, 126, 1]
[-38, 257, 0]
[109, 134, 1]
[106, 178, 0]
[110, 104, 0]
[0, 130, 1]
[106, 94, 0]
[-225, -7, 1]
[-227, 104, 0]
[4, 120, 1]
[109, 4, 0]
[8, 252, 1]
[-117, 81, 0]
[57, 107, 1]
[20, 256, 1]
[-117, 230, 0]
[147, 206, 1]
[-32, 180, 1]
[128, 96, 0]
[96, 153, 0]
[57, 167, 1]
[117, 138, 1]
[147, 254, 0]
[0, 173, 0]
[119, 123, 0]
[110, 122, 1]
[149, 229, 1]
[-161, 230, 0]
[-227, -17, 1]
[60, 61, 1]
[94, 109, 0]
[153, -4, 1]
[127, 120, 1]
[-90, 132, 1]
[-78, 243, 0]
[-150, 221, 1]
[41, 82, 0]
[52, 248, 1]
[26, 23, 1]
[118, 139, 0]
[-114, 172, 1]
[96, 114, 0]
[59, 70, 1]
[0, 112, 0]
[-231, -6, 0]
[91, 47, 1]
[68, 31, 1]
[-94, 143, 1]
[25, 252, 1]
[-160, 88, 0]
[-82, 157, 0]
[-58, 252, 0]
[94, 101, 0]
[109, 136, 1]
[94, 166, 1]
[11, 11, 1]
[-226, -13, 0]
[13, 251, 1]
[109, 131, 1]
[234, 15, 1]
[-68, 269, 1]
[12, 323, 0]
[111, 15, 1]
[69, 116, 0]
[-95, 246, 1]
[-17, 263, 0]
[28, 6, 1]
[198, 164, 1]
[12, 1, 0]
[90, 101, 0]
[90, 38, 1]
[212, 183, 1]
[-57, 247, 0]
[-3, 161, 1]
[-107, 236, 1]
[-230, 22, 1]
[24, 241, 1]
[5, 5, 1]
[96, 33, 0]
[-133, 226, 1]
[-153, 216, 0]
[109, 115, 0]
[48, 7, 0]
[9, 38, 0]
[93, 91, 0]
[173, 189, 0]
[-18, 121, 0]
[93, 95, 0]
[88, 9, 1]
[61, 109, 0]
[98, 99, 0]
[-126, 226, 1]
[-176, 186, 1]
[154, 196, 0]
[87, 88, 0]
[64, 246, 0]
[105, 122, 1]
[141, 659, 0]
[60, 285, 1]
[114, 125, 1]
[87, 240, 0]
[155, -7, 1]
[36, 150, 0]
[44, 72, 0]
[8, -2, 1]
[157, 104, 1]
[-84, 245, 0]
[155, 104, 1]
[7, 148, 1]
[-36, 261, 0]
[76, 138, 0]
[145, 256, 0]
[0, 263, 0]
[114, 18, 0]
[27, 88, 1]
[74, 178, 1]
[115, 26, 0]
[76, 89, 1]
[98, 143, 0]
[-139, 143, 1]
[26, 248, 1]
[-132, 111, 1]
[118, 222, 0]
[76, 133, 1]
[-147, 233, 0]
[87, 268, 1]
[68, 124, 0]
[-205, 182, 0]
[57, 17, 1]
[109, -10, 1]
[-92, 242, 0]
[-229, -21, 0]
[146, 13, 0]
[40, 22, 0]
[-177, 188, 1]
[54, 75, 1]
[82, 159, 0]
[95, 4, 0]
[14, 72, 1]
[94, 77, 1]
[-36, 245, 1]
[-49, 115, 0]
[-93, 150, 0]
[-58, 156, 0]
[16, 6, 1]
[99, 76, 1]
[-117, 27, 1]
[60, 64, 1]
[87, 62, 1]
[43, 211, 1]
[96, 90, 1]
[-114, 97, 0]
[97, 142, 1]
[81, 132, 1]
[75, 118, 1]
[-94, 168, 1]
[97, 141, 1]
[67, 110, 0]
[-43, 191, 0]
[95, 114, 0]
[72, 255, 0]
[28, 56, 1]
[107, 152, 0]
[-237, -26, 1]
[-81, 111, 1]
[110, 117, 1]
[9, 268, 0]
[212, 216, 0]
[147, 32, 0]
[114, 112, 1]
[-87, 148, 0]
[13, 17, 0]
[-87, 140, 1]
[-102, 138, 0]
[131, 152, 1]
[-6, 4, 1]
[-113, 77, 0]
[3, 152, 1]
[154, 6, 0]
[65, 257, 1]
[177, 206, 0]
[50, 62, 1]
[-27, 78, 0]
[-98, 61, 1]
[26, 167, 1]
[35, 158, 0]
[16, 260, 0]
[214, 147, 0]
[-74, 253, 0]
[104, 61, 0]
[138, 21, 0]
[104, 117, 0]
[14, 17, 1]
[121, 147, 0]
[112, 90, 1]
[128, 145, 1]
[-74, 250, 0]
[30, 84, 0]
[96, 241, 0]
[-28, 144, 1]
[81, 180, 1]
[4, 214, 1]
[85, 53, 1]
[-47, 247, 1]
[103, 100, 0]
[166, 178, 0]
[122, 121, 1]
[105, 256, 0]
[120, 57, 1]
[78, 79, 1]
[97, 85, 0]
[122, 60, 0]
[105, 106, 1]
[116, 97, 1]
[47, 123, 0]
[43, 110, 1]
[116, 97, 0]
[118, 109, 1]
[-157, 201, 1]
[145, 46, 0]
[18, -4, 1]
[-51, 36, 0]
[0, 0, 1]
[-71, 111, 1]
[-12, 410, 0]
[50, 180, 1]
[101, 241, 0]
[19, 56, 1]
[127, 216, 0]
[-33, 134, 1]
[179, 192, 0]
[-30, 178, 0]
[16, 114, 0]
[100, 233, 0]
[-229, -11, 0]
[-65, 104, 1]
[-27, 163, 1]
[65, 64, 1]
[139, 118, 0]
[-11, 167, 0]
[-70, 260, 0]
[-125, 110, 1]
[95, 237, 1]
[137, 94, 0]
[110, 92, 0]
[32, 126, 0]
[39, 258, 0]
[23, 69, 0]
[6, 68, 0]
[-70, 48, 0]
[-162, 150, 0]
[22, 124, 1]
[76, 76, 1]
[131, 37, 1]
[6, 128, 1]
[59, 92, 1]
[-111, 143, 0]
[3, 102, 1]
[-65, 115, 0]
[9, -1, 0]
[-1, 16, 1]
[-119, 137, 0]
[-1, 80, 1]
[103, 95, 1]
[96, 0, 1]
[117, 95, 1]
[62, 178, 1]
[4, 104, 1]
[96, 142, 1]
[-26, 256, 1]
[-204, 162, 1]
[31, 155, 1]
[55, 176, 1]
[58, 262, 1]
[214, 175, 0]
[-71, 136, 1]
[12, 256, 0]
[65, 171, 0]
[-190, 180, 1]
[72, 96, 1]
[-87, 235, 1]
[58, 108, 1]
[88, 142, 0]
[90, 95, 0]
[-166, 34, 1]
[123, 225, 0]
[88, 105, 1]
[110, 46, 1]
[195, 168, 0]
[68, 8, 0]
[-13, 263, 0]
[9, 134, 0]
[58, 132, 1]
[145, 214, 1]
[-25, 143, 0]
[97, 120, 1]
[9, 162, 1]
[44, 59, 0]
[152, 12, 1]
[101, 100, 0]
[87, 249, 0]
[-16, 263, 1]
[-143, 69, 0]
[74, 102, 1]
[90, 91, 1]
[2, 141, 0]
[3, 259, 0]
[78, 88, 1]
[52, 31, 0]
[-97, 243, 0]
[-4, 182, 0]
[58, 134, 0]
[-78, 106, 1]
[231, 31, 0]
[36, 176, 1]
[-55, 160, 1]
[-88, 274, 0]
[124, 81, 1]
[129, 17, 0]
[-134, 69, 1]
[82, 158, 0]
[-92, 284, 0]
[61, 92, 0]
[41, 101, 1]
[34, 136, 1]
[-52, 256, 1]
[212, 132, 1]
[19, 134, 0]
[90, 114, 0]
[132, 83, 0]
[-82, 15, 0]
[-47, 246, 0]
[90, 125, 0]
[117, 125, 0]
[128, 80, 0]
[-68, 239, 1]
[3, 10, 1]
[-54, 250, 0]
[160, 93, 0]
[168, 198, 0]
[55, 152, 1]
[-114, 253, 1]
[98, 141, 1]
[113, 260, 0]
[39, 93, 1]
[130, 230, 0]
[83, 172, 0]
[12, 10, 1]
[22, 164, 0]
[79, 98, 1]
[0, 279, 0]
[-9, 22, 0]
[33, 174, 0]
[7, 264, 0]
[-25, 148, 0]
[89, 121, 1]
[126, 4, 1]
[11, 173, 0]
[117, 21, 1]
[120, 88, 0]
[-84, 132, 0]
[29, 34, 0]
[49, 155, 0]
[65, 141, 1]
[111, 98, 1]
[-67, 113, 1]
[3, 167, 1]
[78, 263, 1]
[16, 108, 0]
[94, 126, 1]
[54, 185, 0]
[72, 136, 0]
[-4, 24, 1]
[-104, 141, 0]
[-111, 237, 0]
[81, 29, 1]
[95, 28, 0]
[-27, 278, 1]
[105, 112, 0]
[97, 248, 0]
[-57, 69, 0]
[48, 157, 1]
[68, 74, 1]
[-62, 14, 0]
[230, 10, 1]
[9, -12, 1]
[-87, 243, 1]
[176, 215, 0]
[-6, 147, 1]
[-131, 180, 1]
[231, 46, 1]
[0, 0, 0]
[-3, 199, 0]
[237, 53, 1]
[14, 270, 1]
[-169, 199, 0]
[21, 27, 1]
[97, 63, 0]
[223, 33, 0]
[105, 93, 1]
[-92, 138, 1]
[119, 247, 0]
[-7, 272, 1]
[-43, 115, 1]
[103, 247, 0]
[101, 251, 0]
[132, 67, 1]
[94, 127, 0]
[9, 5, 1]
[-203, 140, 1]
[30, 115, 0]
[-143, 42, 0]
[-98, 231, 1]
[116, 90, 0]
[25, 251, 0]
[-88, 99, 0]
[-5, 268, 0]
[21, 194, 0]
[64, 116, 1]
[97, 109, 0]
[127, 243, 1]
[137, 235, 0]
[-6, 168, 1]
[-143, 194, 0]
[11, 251, 1]
[28, 42, 1]
[-182, 17, 1]
[-165, 188, 0]
[105, -6, 1]
[111, -9, 1]
[-12, 185, 0]
[-55, 138, 0]
[-31, 255, 1]
[73, 36, 1]
[2, 29, 0]
[133, 155, 1]
[11, 176, 1]
[-36, 242, 1]
[18, 251, 1]
[133, 17, 0]
[-131, 231, 0]
[-149, 206, 1]
[-70, 129, 1]
[-36, 250, 1]
[-82, 106, 1]
[-199, 157, 1]
[-225, 37, 0]
[67, 108, 1]
[12, 13, 1]
[7, 11, 1]
[112, 235, 0]
[13, 168, 1]
[-123, 236, 0]
[137, 79, 0]
[77, 77, 0]
[82, 56, 1]
[-79, -17, 1]
[6, 136, 0]
[-156, 216, 0]
[55, 50, 1]
[26, 134, 1]
[74, 127, 1]
[106, 104, 1]
[231, 94, 0]
[3, 250, 1]
[114, 151, 1]
[106, 114, 0]
[-55, 73, 0]
[-76, 138, 1]
[82, 26, 1]
[120, 225, 0]
[174, 185, 0]
[-188, 200, 1]
[145, 64, 1]
[69, 137, 0]
[37, 275, 0]
[-161, 54, 1]
[-123, 175, 0]
[-169, 94, 0]
[-117, 136, 1]
[62, 68, 1]
[156, 214, 1]
[105, 29, 0]
[5, 13, 1]
[121, 98, 0]
[110, 10, 0]
[-145, 211, 1]
[94, 99, 1]
[153, 34, 0]
[-87, 125, 0]
[50, 35, 1]
[-130, 90, 1]
[81, 31, 0]
[2, -1, 1]
[-76, 238, 1]
[59, 246, 0]
[26, 107, 0]
[-5, -3, 0]
[-90, 109, 0]
[24, 87, 0]
[-62, 167, 0]
[87, 134, 0]
[59, 259, 1]
[-43, 201, 0]
[-114, 172, 1]
[-158, 273, 0]
[1, 264, 1]
[-58, 182, 1]
[103, 153, 0]
[-15, 75, 0]
[20, 157, 0]
[95, 105, 1]
[114, 98, 1]
[97, 65, 0]
[-78, 160, 0]
[71, 63, 1]
[93, 107, 1]
[-32, 109, 1]
[-17, 23, 0]
[5, 168, 0]
[-151, 205, 1]
[89, 98, 1]
[-156, 204, 0]
[-4, 80, 1]
[-8, 94, 0]
[94, 48, 0]
[-18, 274, 1]
[-180, 225, 0]
[81, 173, 1]
[51, 107, 1]
[146, 238, 0]
[-127, 247, 0]
[132, 110, 1]
[0, 24, 1]
[-92, 135, 1]
[65, 34, 0]
[148, 10, 0]
[-139, 230, 0]
[137, 298, 0]
[177, 41, 1]
[143, 121, 1]
[-239, -15, 1]
[138, 103, 0]
[58, 170, 0]
[16, 18, 1]
[97, 144, 1]
[-110, 189, 0]
[-141, 230, 1]
[85, 131, 1]
[1, 164, 1]
[-127, 224, 1]
[8, 153, 1]
[89, 141, 1]
[112, 111, 1]
[105, 137, 1]
[-109, 71, 0]
[32, 159, 1]
[-93, 242, 0]
[-123, 137, 1]
[92, 94, 1]
[92, 47, 0]
[-137, 225, 1]
[127, 112, 0]
[-73, 121, 1]
[70, 132, 1]
[-68, 137, 1]
[63, 129, 1]
