[-120, 240, 0]
[29, 26, 1]
[-90, 231, 0]
[72, 215, 1]
[1, 26, 0]
[13, 4, 0]
[74, 243, 1]
[68, 446, 0]
[136, 216, 1]
[14, -5, 0]
[-6, 3, 1]
[12, 14, 0]
[-85, 237, 0]
[9, 185, 1]
[73, 425, 0]
[48, 252, 0]
[-2, 151, 0]
[-196, 169, 0]
[151, 197, 0]
[11, 52, 1]
[-56, 107, 0]
[-172, 193, 0]
[-41, 120, 0]
[-165, 230, 0]
[-165, 218, 0]
[67, 190, 1]
[-234, 57, 1]
[-183, 214, 0]
[-224, 136, 0]
[3, 8, 1]
[-22, 286, 1]
[6, 29, 0]
[93, 253, 0]
[6, 171, 1]
[0, 105, 1]
[-154, 213, 0]
[12, 48, 0]
[95, 261, 0]
[-13, 100, 1]
[122, 116, 1]
[-221, 18, 0]
[-159, 211, 0]
[113, 238, 0]
[5, 5, 0]
[-164, 199, 1]
[29, 256, 0]
[-16, 1, 1]
[128, 227, 0]
[-9, 25, 0]
[-19, 4, 1]
[44, 183, 0]
[-116, 231, 0]
[-228, 11, 0]
[228, 3, 1]
[87, 248, 0]
[100, 234, 0]
[-147, 281, 1]
[-216, 108, 1]
[57, 246, 0]
[-9, 14, 0]
[-76, 201, 1]
[-171, 168, 1]
[14, 5, 1]
[36, 206, 1]
[115, 271, 0]
[139, 163, 1]
[3, 29, 0]
[-92, 276, 1]
[66, 519, 0]
[-94, 268, 0]
[117, 230, 1]
[-137, 283, 1]
[-154, 218, 0]
[55, 109, 1]
[-112, 173, 1]
[2, 8, 0]
[172, 185, 1]
[3, 12, 0]
[183, 185, 1]
[-202, 50, 0]
[-90, 244, 0]
[-116, 179, 0]
[26, 275, 1]
[0, 277, 0]
[160, 90, 0]
[218, 196, 0]
[0, 33, 1]
[166, 230, 0]
[13, 39, 1]
[-107, 176, 1]
[141, 251, 0]
[-185, 199, 1]
[172, 236, 0]
[95, 227, 0]
[234, 22, 1]
[110, 166, 0]
[-211, 137, 1]
[-96, 141, 1]
[83, 283, 0]
[-39, 38, 1]
[155, 152, 1]
[5, 37, 1]
[-3, 73, 0]
[-155, 211, 1]
[67, 7, 1]
[122, 239, 0]
[6, 25, 1]
[29, 274, 0]
[-101, 296, 0]
[143, 221, 1]
[-20, 29, 1]
[-5, 63, 1]
[-137, 236, 0]
[52, 263, 1]
[-3, 18, 1]
[150, 155, 0]
[21, 23, 0]
[51, 76, 0]
[0, 0, 1]
[114, 260, 1]
[-200, 136, 0]
[234, 78, 0]
[-9, 110, 1]
[119, 258, 1]
[-182, 176, 1]
[159, 243, 0]
[92, 146, 1]
[-166, 139, 0]
[128, 226, 0]
[-128, 235, 1]
[-211, 164, 1]
[161, 217, 0]
[6, 33, 1]
[144, 278, 0]
[193, 179, 0]
[190, 174, 1]
[-161, 197, 1]
[3, 33, 1]
[-3, 33, 1]
[127, 295, 1]
[-45, 283, 1]
[44, 112, 0]
[-176, 213, 0]
[121, 235, 0]
[-232, -2, 0]
[-11, 17, 1]
[-118, 188, 0]
[-144, 203, 0]
[128, 281, 1]
[3, 32, 0]
[-143, 275, 0]
[-20, 31, 1]
[184, 223, 0]
[16, 314, 0]
[-41, 100, 0]
[18, 277, 1]
[5, 92, 0]
[-138, 157, 1]
[-20, 11, 0]
[-182, 35, 1]
[-146, 79, 0]
[116, 266, 0]
[-22, 24, 1]
[128, 46, 0]
[150, 234, 0]
[33, 61, 0]
[-133, 253, 1]
[-130, 242, 1]
[-115, 201, 0]
[210, 139, 0]
[144, 218, 1]
[-13, 84, 0]
[-138, 236, 1]
[-19, 57, 1]
[4, 37, 0]
[-16, 107, 0]
[45, 268, 0]
[-167, 104, 0]
[-95, 251, 1]
[-4, 255, 0]
[130, 232, 1]
[0, 6, 1]
[16, 6, 0]
[143, 246, 1]
[6, 50, 1]
[160, 239, 1]
[142, 229, 0]
[170, 208, 0]
[-11, 4, 1]
[145, 199, 1]
[3, 125, 1]
[122, 244, 0]
[-234, 31, 0]
[3, 80, 0]
[-12, 295, 0]
[20, 39, 0]
[-127, 252, 0]
[-162, 222, 0]
[-31, 257, 0]
[-233, -8, 0]
[-167, 193, 0]
[-165, 132, 0]
[1, 62, 0]
[125, 292, 0]
[-32, 24, 0]
[163, 190, 1]
[216, 127, 0]
[-228, 50, 0]
[-16, 113, 1]
[3, 80, 0]
[-2, 28, 1]
[163, 192, 0]
[-57, 88, 0]
[-199, 159, 1]
[126, 184, 0]
[-206, 132, 1]
[2, 110, 1]
[-112, 230, 1]
[-5, 617, 0]
[-182, 62, 1]
[20, 48, 0]
[83, 129, 0]
[-178, 187, 0]
[172, 190, 1]
[-26, 11, 1]
[204, 31, 1]
[22, 20, 1]
[57, 252, 0]
[226, 111, 1]
[-30, 26, 0]
[87, 243, 1]
[-22, 256, 0]
[84, 210, 0]
[-35, 10, 1]
[-125, 233, 1]
[165, 191, 0]
[25, 11, 1]
[100, 260, 1]
[136, 218, 0]
[-65, 162, 1]
[24, 258, 0]
[-25, 23, 1]
[100, 37, 1]
[-43, 49, 1]
[-143, 216, 0]
[-28, 26, 0]
[-93, 171, 1]
[-147, 216, 0]
[-122, 229, 0]
[-29, 22, 0]
[-209, 150, 0]
[-204, 171, 0]
[130, 292, 1]
[14, 110, 1]
[104, 292, 0]
[14, 133, 0]
[-29, 42, 0]
[-164, 205, 0]
[95, 228, 1]
[127, 218, 0]
[-17, 15, 1]
[161, 143, 1]
[25, 90, 0]
[3, 263, 0]
[-20, 15, 1]
[-1, 277, 1]
[42, 262, 0]
[-1, 18, 0]
[25, 26, 1]
[-196, 162, 1]
[157, 225, 1]
[-30, 21, 0]
[7, 88, 1]
[11, 22, 1]
[39, 274, 1]
[-3, 260, 0]
[-188, 183, 1]
[-8, 4, 0]
[15, 55, 1]
[-94, 63, 1]
[139, 243, 0]
[-16, 89, 1]
[-94, 279, 0]
[20, 31, 0]
[143, 262, 0]
[-164, 301, 0]
[13, 68, 0]
[3, 81, 1]
[216, 146, 1]
[2, 37, 1]
[222, 138, 1]
[165, 211, 0]
[-160, 226, 0]
[5, 31, 1]
[53, 273, 1]
[156, 223, 0]
[165, 257, 0]
[19, 243, 0]
[24, 119, 1]
[20, 290, 0]
[126, 261, 0]
[-223, -12, 0]
[165, 198, 1]
[105, 310, 1]
[-111, 237, 1]
[231, 183, 1]
[130, 292, 0]
[27, 14, 0]
[106, 0, 1]
[19, 0, 1]
[22, 14, 0]
[116, 269, 1]
[-143, 210, 0]
[-6, 50, 0]
[0, 114, 0]
[154, 210, 0]
[232, 26, 1]
[6, 50, 1]
[91, 241, 1]
[69, 275, 0]
[16, 17, 1]
[-153, 285, 0]
[-172, 259, 1]
[178, 169, 0]
[199, 170, 1]
[-11, 23, 1]
[102, 144, 0]
[-187, 188, 0]
[158, 211, 1]
[0, 169, 1]
[-32, 32, 0]
[81, 32, 0]
[65, 241, 0]
[-179, 185, 1]
[45, 285, 0]
[-120, 90, 0]
[34, 13, 1]
[183, 226, 0]
[-43, 281, 1]
[-113, 264, 1]
[-25, 3, 0]
[59, 119, 1]
[-38, 261, 1]
[138, 10, 0]
[-1, 44, 0]
[-141, 238, 0]
[-171, 232, 0]
[-154, 247, 0]
[-12, 26, 0]
[2, 279, 0]
[35, 38, 1]
[-9, 318, 0]
[237, 1, 0]
[-190, 180, 1]
[182, 197, 0]
[-169, 176, 1]
[-222, -12, 1]
[43, 269, 1]
[-21, 37, 0]
[67, 128, 1]
[58, 252, 1]
[71, 250, 0]
[-216, 127, 1]
[7, 13, 1]
[13, 13, 0]
[88, 245, 0]
[-82, 151, 0]
[61, 55, 0]
[-13, 260, 1]
[-93, 145, 1]
[8, 6, 0]
[36, 264, 0]
[-141, 206, 1]
[-29, 7, 1]
[-137, 238, 1]
[119, 104, 0]
[14, 4, 1]
[96, 81, 1]
[-182, 237, 0]
[116, 304, 0]
[-54, 258, 1]
[169, 180, 0]
[-119, 102, 1]
[-35, 15, 0]
[-66, 63, 0]
[74, 25, 1]
[233, 62, 1]
[78, 279, 1]
[105, 98, 1]
[-135, 271, 1]
[152, 263, 1]
[16, 116, 1]
[-223, 77, 0]
[55, 16, 1]
[-79, 252, 1]
[18, 53, 0]
[-32, -18, 0]
[5, 263, 1]
[246, 30, 1]
[182, 240, 1]
[116, 229, 0]
[175, 211, 0]
[71, 24, 1]
[15, 133, 0]
[74, 263, 1]
[52, 25, 1]
[92, 287, 0]
[141, 129, 1]
[181, 199, 1]
[185, 195, 0]
[118, 232, 0]
[180, 173, 1]
[169, 252, 1]
[26, 60, 1]
[-179, 236, 0]
[-65, 22, 1]
[-71, 274, 0]
[-161, 120, 0]
[198, 157, 1]
[-166, 247, 0]
[-68, 196, 0]
[-14, 5, 1]
[-195, 190, 0]
[150, 202, 1]
[-138, 235, 1]
[26, 10, 0]
[210, 130, 0]
[5, 8, 1]
[-223, 110, 1]
[87, 556, 0]
[-70, 235, 0]
[-15, -4, 1]
[8, 3, 1]
[-4, 9, 1]
[99, 231, 0]
[147, 228, 0]
[154, 194, 0]
[-71, 188, 0]
[127, 221, 1]
[-12, 73, 0]
[13, 11, 1]
[109, 227, 1]
[13, 260, 0]
[206, 136, 1]
[-212, 130, 1]
[-16, 21, 1]
[154, 211, 1]
[-7, 15, 1]
[-183, 174, 1]
[-171, 196, 1]
[-233, 104, 0]
[-183, 190, 1]
[11, 16, 1]
[-4, 368, 1]
[172, 3, 1]
[-190, 177, 1]
[-168, 195, 0]
[148, 213, 0]
[-82, 550, 0]
[20, 27, 1]
[71, 157, 0]
[-19, 9, 1]
[-201, 193, 0]
[88, 245, 1]
[-2, 8, 1]
[-113, 150, 0]
[-221, 126, 0]
[-204, 235, 1]
[-232, -11, 0]
[0, 241, 1]
[34, 5, 1]
[-143, 284, 1]
[71, 55, 1]
[-224, 123, 1]
[-2, 18, 0]
[-179, 186, 0]
[-232, 95, 0]
[-30, 252, 0]
[146, 205, 1]
[15, 1, 1]
[-8, 0, 0]
[-32, 36, 1]
[-198, 164, 1]
[-227, 132, 1]
[74, 272, 0]
[0, 0, 0]
[-103, 253, 0]
[-174, 208, 0]
[6, 8, 1]
[-2, -1, 1]
[-4, 6, 1]
[0, 8, 1]
[7, 73, 0]
[45, 22, 0]
[-3, 8, 1]
[36, 260, 1]
[22, 6, 1]
[-230, 11, 0]
[-152, 202, 1]
[-176, 195, 1]
[3, 323, 0]
[4, 0, 1]
[149, 197, 0]
[16, 271, 1]
[12, 331, 1]
[196, 193, 0]
[-211, 127, 0]
[165, 187, 1]
[145, 236, 1]
[85, 360, 0]
[179, 198, 1]
[181, 214, 1]
[46, 248, 0]
[-195, 202, 0]
[47, 52, 1]
[-228, -8, 1]
[-78, 70, 1]
[236, 16, 0]
[24, 1, 0]
[-128, 244, 0]
[57, 25, 1]
[-193, 175, 1]
[-107, 201, 1]
[199, 169, 1]
[169, 200, 0]
[220, 28, 0]
[-176, 218, 1]
[-68, 53, 0]
[-45, 52, 0]
[-41, 268, 1]
[36, 25, 1]
[13, 278, 0]
[47, 41, 1]
[146, 194, 0]
[-139, 242, 0]
[-49, 44, 1]
[-181, 254, 0]
[37, 38, 1]
[-168, 212, 0]
[109, 252, 0]
[34, 6, 1]
[11, 82, 1]
[-43, 0, 1]
[-143, 237, 0]
[57, 22, 1]
[214, 227, 1]
[-18, 13, 1]
[160, 201, 1]
[-218, 4, 0]
[32, 30, 1]
[38, 16, 1]
[-21, 282, 1]
[179, 182, 1]
[-194, 164, 0]
[66, 120, 1]
[0, 59, 0]
[-100, 237, 1]
[197, 171, 1]
[-39, 264, 1]
[236, 65, 0]
[19, 5, 1]
[36, 11, 1]
[206, 174, 1]
[-177, 265, 0]
[75, 10, 0]
[183, 234, 1]
[203, 148, 0]
[-230, 22, 0]
[143, 236, 0]
[89, 178, 1]
[199, 158, 0]
[4, 299, 0]
[-105, 342, 0]
[-144, 225, 0]
[-232, 39, 0]
[10, 31, 1]
[114, 242, 0]
[96, 11, 1]
[1, 268, 0]
[-211, 162, 1]
[14, 261, 0]
[-214, 142, 0]
[-226, -13, 0]
[169, 220, 1]
[20, 47, 0]
[55, 263, 0]
[-128, 231, 0]
[-105, 110, 0]
[131, 255, 1]
[160, 231, 1]
[193, 148, 0]
[-235, 8, 0]
[-5, 147, 0]
[92, 251, 0]
[78, 275, 1]
[-2, 15, 1]
[13, 20, 1]
[3, 11, 0]
[-17, 62, 0]
[-139, 110, 0]
[-39, 148, 0]
[176, 206, 1]
[209, 144, 0]
[106, 241, 0]
[28, 247, 0]
[23, 14, 0]
[182, 180, 1]
[142, 213, 0]
[165, 178, 1]
[-51, 252, 0]
[138, 55, 1]
[1, 19, 1]
[41, 269, 0]
[17, 22, 0]
[46, 119, 1]
[90, 261, 1]
[114, 239, 1]
[105, 248, 0]
[0, 0, 0]
[-221, 95, 1]
[-24, 258, 0]
[101, 75, 0]
[-113, 225, 0]
[89, 169, 0]
[166, 237, 1]
[-192, 150, 1]
[201, 160, 1]
[13, 22, 0]
[152, 27, 1]
[-29, 257, 0]
[-228, 10, 0]
[-14, 21, 0]
[230, 12, 1]
[166, 214, 1]
[25, 6, 0]
[-236, 28, 0]
[97, 239, 1]
[103, 165, 0]
[-172, 193, 0]
[218, 122, 0]
[-1, 152, 1]
[-108, 273, 0]
[-233, -20, 0]
[145, 248, 0]
[49, 278, 0]
[223, 69, 1]
[3, 88, 1]
[-5, 15, 1]
[191, 190, 0]
[1, -2, 1]
[209, 166, 0]
[-6, 75, 0]
[-6, -1, 1]
[-9, 24, 0]
[60, 17, 1]
[-3, 20, 0]
[0, 10, 1]
[-203, 180, 0]
[-209, 172, 0]
[9, -1, 0]
[-203, 173, 0]
[-224, 189, 0]
[-6, 36, 1]
[192, 195, 0]
[189, 194, 1]
[-36, 49, 1]
[-23, 323, 0]
[3, 36, 1]
[-145, 269, 0]
[-126, 80, 0]
[183, 181, 1]
[-3, 84, 1]
[234, 15, 0]
[-5, 31, 1]
[-182, 199, 1]
[-192, 379, 0]
[2, 25, 0]
[163, 201, 0]
[-122, 239, 1]
[-2, 11, 1]
[-228, 35, 0]
[27, 35, 0]
[-3, 25, 1]
[-22, 14, 0]
[148, 204, 1]
[-15, 31, 0]
[-158, 216, 0]
[-175, 232, 0]
[9, 34, 1]
[155, 209, 0]
[182, 176, 1]
[-193, 151, 1]
[-168, 192, 1]
[19, 11, 0]
[115, 266, 0]
[-139, 166, 1]
[-180, 135, 1]
[56, 32, 1]
[74, 248, 0]
[7, 1, 1]
[171, 189, 0]
[11, 3, 1]
[18, 9, 1]
[109, 271, 0]
[-2, 66, 0]
[-94, 309, 0]
[33, 55, 0]
[74, 291, 0]
[-12, 1, 0]
[3, 4, 1]
[200, 157, 0]
[-128, 258, 1]
[218, 106, 1]
[227, 2, 0]
[3, 6, 1]
[0, 0, 0]
[-2, 275, 0]
[37, 16, 0]
[11, 62, 0]
[-188, 184, 0]
[159, 189, 0]
[20, 159, 0]
[11, 17, 1]
[160, 232, 0]
[191, 178, 0]
[19, 17, 1]
[153, 146, 0]
[6, 13, 1]
[-138, 482, 0]
[106, 249, 1]
[-168, 231, 0]
[0, 13, 1]
[4, 29, 1]
[8, 304, 0]
[130, 35, 0]
[225, 8, 1]
[136, 234, 1]
[0, 16, 1]
[-96, 14, 1]
[121, 240, 1]
[-13, 8, 0]
[41, 241, 0]
[16, 37, 0]
[100, 254, 0]
[-68, 284, 1]
[43, 115, 0]
[19, 123, 0]
[154, 233, 1]
[205, 59, 0]
[-2, 52, 1]
[0, 269, 0]
[-32, 269, 1]
[-26, 227, 0]
[3, 64, 1]
[-2, 36, 1]
[75, 268, 1]
[21, 17, 0]
[13, 29, 1]
[102, 265, 0]
[-13, 53, 1]
[3, 294, 1]
[-29, 26, 0]
[-109, 316, 0]
[-14, 42, 1]
[108, 249, 1]
[97, 67, 0]
[22, 258, 1]
[144, 135, 0]
[3, 21, 1]
[-152, 222, 0]
[133, 129, 0]
[-14, 3, 1]
[106, 146, 0]
[58, 251, 0]
[-231, 11, 1]
[5, 271, 0]
[228, 57, 0]
[-16, 8, 1]
[-24, 6, 1]
[-101, 108, 1]
[231, -1, 0]
[149, 215, 0]
[-228, 96, 0]
[-142, -26, 0]
[194, 167, 0]
[-93, 39, 1]
[133, 230, 1]
[233, 5, 0]
[130, 233, 0]
[-31, 17, 0]
[158, 251, 1]
[-150, 216, 0]
[145, 252, 1]
[89, 179, 0]
[-70, 241, 1]
[-139, 235, 0]
[120, 156, 1]
[-3, 8, 1]
[161, 246, 0]
[-221, -11, 1]
[40, 250, 0]
[127, 146, 0]
[123, 246, 0]
[-7, 47, 0]
[133, 74, 1]
[3, 296, 1]
[-25, 38, 0]
[6, 196, 1]
[26, 284, 0]
[112, 243, 1]
[27, 31, 1]
[-11, 288, 0]
[82, 496, 0]
[96, 143, 0]
[-176, 198, 0]
[-176, 206, 0]
[9, 13, 0]
[18, 7, 1]
[-44, 97, 1]
[32, 14, 0]
[156, 202, 1]
[9, 13, 1]
[-239, 105, 0]
[138, 232, 0]
[37, 151, 1]
[-4, 295, 1]
[-33, 10, 0]
[157, 199, 1]
[82, 235, 0]
[-138, 263, 1]
[-8, 283, 1]
[-14, 261, 0]
[6, 250, 0]
[-89, 256, 0]
[-10, 114, 1]
[-158, 211, 1]
[-3, 13, 1]
[-16, 121, 1]
[-91, 167, 0]
[-6, 8, 1]
[1, 21, 1]
[-5, 7, 0]
[68, 81, 1]
[193, 172, 0]
[179, 100, 1]
[-93, 246, 0]
[4, 71, 1]
[16, 259, 0]
[90, 238, 1]
[200, 147, 0]
[-41, 265, 1]
[31, 246, 0]
[4, 15, 1]
[-186, 191, 0]
[-125, 237, 0]
[127, 235, 1]
[-3, 26, 1]
[-4, 98, 0]
[0, 55, 1]
[-214, 140, 0]
[144, 158, 1]
[-26, 342, 0]
[169, 209, 0]
[30, 37, 1]
[-143, 248, 0]
[196, 167, 1]
[2, 15, 1]
[-18, 38, 0]
[-25, 286, 1]
[5, 26, 1]
[-117, 251, 1]
[-22, 53, 1]
[62, 269, 0]
[-14, 34, 1]
[-7, 289, 1]
[-109, 184, 1]
[174, 211, 0]
[-9, 22, 1]
[-23, 23, 1]
[-197, 195, 0]
[-122, 253, 1]
[120, 178, 0]
[-164, 227, 1]
[-32, 7, 1]
[-82, 267, 0]
[190, 176, 0]
[10, 25, 1]
[21, 78, 0]
[9, 32, 0]
[-115, 248, 1]
[89, 323, 0]
[164, 201, 1]
[-195, 152, 1]
[-60, 132, 0]
[-24, 32, 0]
[65, 276, 0]
[-41, 114, 0]
[-13, 20, 0]
[-11, 20, 1]
[126, 271, 0]
[-3, 8, 1]
[0, 312, 0]
[75, 273, 0]
[5, 47, 1]
[-141, 275, 1]
[81, 273, 0]
[234, 75, 0]
[-90, 268, 1]
[-109, 163, 1]
[225, 25, 0]
[-133, 235, 1]
[-4, 279, 1]
[11, 78, 1]
[110, 267, 1]
[161, 247, 1]
[-169, 213, 1]
[18, 29, 1]
[-131, 303, 0]
[-211, 130, 0]
[94, 55, 0]
[17, 8, 1]
[-35, 261, 1]
[232, 57, 1]
[120, 244, 1]
[233, 69, 0]
[51, 264, 0]
[-125, 236, 1]
[-106, 293, 1]
[-94, 301, 1]
[9, 29, 1]
[133, 235, 0]
[-142, 239, 1]
[6, 39, 1]
[13, 29, 1]
[-70, 71, 0]
[39, 281, 0]
[-168, 192, 1]
[-10, -1, 1]
[127, 278, 1]
[179, 221, 1]
[-10, 260, 0]
[163, 213, 1]
[7, 369, 0]
[17, 11, 0]
[214, 153, 0]
[142, 239, 0]
[-180, 172, 1]
[-182, 181, 0]
[-204, 169, 0]
[226, 48, 1]
[-23, 12, 0]
[-130, 241, 1]
[29, 278, 0]
[-177, 184, 0]
[231, 27, 1]
[-9, 8, 1]
[-232, 34, 1]
[183, 226, 0]
[14, 1, 1]
[137, 205, 1]
[134, 248, 1]
[141, 262, 1]
[-144, 204, 1]
[-11, 5, 1]
[-162, 194, 1]
[38, 247, 1]
[-178, 174, 0]
[-190, 173, 0]
[5, 20, 1]
[-222, 122, 0]
[30, 314, 0]
[-22, 204, 0]
[-9, 5, 1]
[121, 255, 0]
[-3, 8, 1]
[8, 16, 1]
[6, 6, 1]
[183, 319, 0]
[-232, 101, 0]
[226, 111, 0]
[5, 15, 1]
[4, 2, 1]
[14, 6, 0]
[5, 6, 0]
[149, 307, 1]
[-172, 217, 1]
[95, 233, 0]
[-43, 96, 1]
[166, 206, 1]
[-158, 259, 1]
[0, 8, 0]
[62, 43, 0]
[-133, 209, 1]
[-180, 171, 0]
[43, 209, 1]
[82, 267, 1]
[-92, 261, 0]
[-21, 8, 1]
[-4, 6, 1]
[89, 246, 0]
[125, 262, 0]
[-209, 73, 1]
[60, 247, 1]
[78, 74, 0]
[138, 239, 0]
[-174, 196, 1]
[-19, 319, 1]
[-163, 260, 1]
[0, 176, 0]
[-185, 242, 1]
[166, 237, 0]
[-50, 275, 1]
[-97, 218, 1]
[135, 223, 1]
[87, 270, 0]
[-45, 74, 0]
[-234, 112, 1]
[138, 388, 0]
[157, 214, 0]
[-154, 209, 0]
[107, 251, 1]
[-128, 249, 1]
[36, 17, 0]
[-18, 7, 1]
[8, 13, 0]
[24, 281, 1]
[10, 15, 1]
[154, 206, 1]
[0, 2, 1]
[13, 0, 1]
[134, 235, 0]
[-18, 283, 0]
[0, 10, 0]
[98, 176, 0]
[-5, 269, 0]
[28, 289, 1]
[32, 199, 0]
[89, 252, 0]
[-8, 32, 0]
[-2, 299, 0]
[40, 282, 1]
[22, 210, 0]
[65, 258, 1]
[73, 279, 1]
[137, 236, 1]
[8, 290, 1]
[99, 77, 1]
[150, 245, 0]
[221, 150, 0]
[-9, 172, 0]
[-37, 20, 1]
[51, 303, 0]
[-46, 316, 0]
[5, 27, 0]
[141, 263, 0]
[122, 260, 0]
[51, 63, 0]
[-70, 116, 0]
[237, -14, 0]
[-11, -3, 1]
[54, 265, 1]
[-134, 233, 0]
[225, 128, 1]
[-60, 38, 0]
[233, 1, 0]
[48, 16, 0]
[157, 228, 0]
[-245, 37, 0]
[-11, 269, 0]
[-8, 11, 1]
[14, 4, 1]
[-183, 183, 0]
[-1, 36, 1]
[-11, 80, 1]
[222, 125, 0]
[-22, 274, 0]
[-116, 154, 1]
[182, 252, 1]
[-111, 227, 0]
[-2, 9, 1]
[17, 42, 0]
[-234, 10, 1]
[0, 157, 1]
[-30, 108, 1]
[164, 305, 0]
[-20, 53, 0]
[-183, 198, 1]
[-135, 210, 1]
[-157, 159, 1]
[-183, 209, 1]
[107, 320, 1]
[13, 328, 1]
[-41, 317, 0]
[26, 27, 1]
[15, 17, 0]
[-1, 29, 1]
[2, 298, 1]
[8, 25, 0]
[161, 322, 1]
[159, 218, 0]
[-188, 210, 0]
[6, 14, 1]
[-163, 193, 0]
[115, 253, 1]
[18, 17, 1]
[160, 279, 1]
[-225, 68, 0]
[-176, 177, 0]
[12, 262, 0]
[-6, 21, 0]
[-12, 275, 1]
[-193, 249, 1]
[145, 295, 0]
[-6, 27, 0]
[4, 41, 0]
[-213, 268, 0]
[-7, 33, 0]
[4, 21, 1]
[36, 88, 0]
[120, 241, 1]
[-82, 13, 1]
[19, 281, 1]
[207, 168, 0]
[12, 6, 1]
[-112, 242, 1]
[-2, 11, 0]
[7, 17, 1]
[-158, 215, 0]
[27, 279, 0]
[180, 184, 0]
[206, 143, 1]
[-6, 15, 0]
[-165, 248, 0]
[0, 20, 0]
[124, 222, 0]
[6, 256, 1]
[10, 29, 0]
[-2, 20, 1]
[67, 89, 0]
[-22, 26, 0]
[149, 211, 0]
[-103, 232, 0]
[85, 232, 0]
[-217, 95, 1]
[7, 258, 1]
[16, 25, 1]
[6, 141, 1]
[11, 287, 1]
[-73, 264, 0]
[110, 242, 1]
[94, 311, 0]
[23, 251, 0]
[6, 5, 1]
[1, 17, 1]
[2, 336, 0]
[-169, 190, 0]
[-123, 236, 1]
[139, 261, 1]
[84, 360, 0]
[16, 11, 0]
[-233, 26, 0]
[-43, 152, 0]
[-51, 260, 0]
[-182, 184, 0]
[147, 237, 0]
[-177, 189, 0]
[-82, 240, 0]
[-168, 31, 1]
[81, 46, 0]
[-182, 174, 0]
[-226, 58, 1]
[230, 13, 1]
[103, 239, 1]
[5, 18, 1]
[171, 65, 0]
[-93, 256, 1]
[111, 258, 1]
[52, 262, 0]
[14, 0, 1]
[224, 111, 0]
[19, 9, 1]
[230, 98, 1]
[117, 245, 0]
[-2, 26, 1]
[164, 231, 0]
[-67, 294, 1]
[168, 218, 1]
[43, 313, 0]
[63, 21, 1]
[-11, 8, 1]
[-98, 232, 0]
[197, 339, 0]
[-76, 192, 0]
[-214, 151, 1]
[-66, 279, 1]
[-83, 133, 0]
[215, 115, 1]
[71, 249, 0]
[-77, 274, 1]
[-123, 225, 0]
[-155, 251, 0]
[21, 262, 1]
[81, 238, 0]
[18, -1, 1]
[230, 31, 1]
[44, 256, 0]
[123, 227, 1]
[-149, 203, 1]
[7, 34, 1]
[47, 267, 1]
[3, 297, 0]
[-143, 226, 0]
[-190, 671, 0]
[-24, 85, 1]
[38, 157, 0]
[-96, 237, 1]
[13, 96, 1]
[189, 160, 1]
[-126, 233, 1]
[-134, 212, 0]
[2, 1, 1]
[-147, 215, 0]
[166, 217, 1]
[8, -1, 0]
[15, -4, 0]
[86, 241, 0]
[24, 12, 0]
[98, 400, 0]
[27, 0, 0]
[19, 10, 0]
[26, 27, 1]
[-1, 286, 0]
[-212, 180, 0]
[15, 248, 0]
[-132, 253, 0]
[6, 29, 1]
[2, 15, 1]
[211, 163, 0]
[49, 294, 0]
[160, 247, 1]
[-5, 331, 0]
[111, 146, 1]
[-170, 228, 1]
[167, 215, 0]
[-1, 38, 0]
[-14, 111, 0]
[0, 250, 0]
[154, 222, 0]
[130, 227, 0]
[180, 214, 1]
[-32, 148, 1]
[-6, 255, 1]
[161, 227, 1]
[-123, 239, 1]
[-30, 59, 0]
[13, 8, 1]
[79, 270, 1]
[86, 304, 1]
[-73, 268, 1]
[-138, 277, 0]
[-218, 152, 1]
[-160, 242, 0]
[125, 154, 0]
[147, 280, 1]
[-7, 27, 1]
[116, 283, 0]
[-212, 174, 0]
[22, 33, 0]
[172, 236, 1]
[-141, 245, 0]
[99, 24, 1]
[228, 38, 1]
[119, 285, 1]
[-161, 210, 0]
[3, 334, 1]
[229, 77, 0]
[16, 288, 1]
[-120, 124, 1]
[-203, 247, 1]
[193, 204, 0]
[-30, 292, 0]
[19, 520, 0]
[230, 41, 1]
[163, 283, 0]
[170, 78, 0]
[7, 284, 0]
[-3, 146, 1]
[142, 121, 1]
[14, 15, 1]
[11, 90, 0]
[175, 221, 0]
[-4, 14, 1]
[70, 294, 0]
[-164, 226, 1]
[2, 195, 0]
[-199, 200, 0]
[-12, 136, 1]
[47, 300, 0]
[13, 33, 1]
[-3, 26, 1]
[-44, 269, 0]
[4, 122, 1]
[-104, 275, 0]
[90, 126, 0]
[-41, 285, 0]
[-109, 267, 0]
[71, 270, 1]
[-101, 243, 0]
[1, 11, 1]
[-228, 46, 0]
[-230, 8, 0]
[175, 200, 0]
[-188, 198, 0]
[17, 17, 0]
[5, 13, 1]
[131, 283, 0]
[-6, 55, 0]
[139, 260, 1]
[-22, 191, 0]
[-234, 29, 0]
[-7, 60, 1]
[11, 26, 1]
[25, 275, 0]
[155, 232, 0]
[-6, 127, 0]
[156, 78, 1]
[4, 38, 0]
[154, 254, 0]
[-11, 92, 1]
[-179, 171, 0]
[199, 201, 0]
[-97, 140, 0]
[132, 252, 0]
[3, 19, 1]
[103, 35, 1]
[-81, 245, 1]
[-150, 224, 0]
[-9, 80, 1]
[33, 36, 0]
[29, 19, 1]
[74, 69, 1]
[101, 64, 0]
[-78, 162, 0]
[5, 613, 0]
[-5, 38, 0]
[-152, 325, 1]
[-77, 277, 0]
[215, 134, 0]
[4, 32, 0]
[-185, 204, 0]
[169, 216, 1]
[-110, 295, 1]
[46, 116, 1]
[-6, 18, 1]
[-195, 217, 0]
[160, 293, 1]
[141, 244, 0]
[125, 242, 1]
[9, 32, 0]
[-193, 204, 0]
[-191, 216, 0]
[-177, 237, 1]
[-164, 235, 1]
[143, 265, 1]
[143, 239, 0]
