[-14, 8, 1]
[36, -5, 1]
[24, 6, 0]
[-41, 0, 1]
[-18, 16, 1]
[-7, 221, 0]
[36, 18, 0]
[44, 33, 1]
[-17, 4, 0]
[-12, 12, 1]
[2, 22, 1]
[-6, 263, 0]
[-24, 21, 1]
[27, 73, 0]
[-81, 30, 0]
[18, 20, 0]
[-14, 48, 0]
[-3, 13, 1]
[-30, 11, 1]
[-33, 13, 1]
[-25, -4, 1]
[-30, -4, 1]
[60, -21, 0]
[0, 0, 1]
[-39, 31, 0]
[-18, 17, 1]
[-3, 12, 1]
[-63, 25, 1]
[-38, 16, 1]
[-25, 26, 0]
[-4, 264, 0]
[-9, 11, 0]
[-24, 3, 0]
[-10, 8, 1]
[-8, 21, 0]
[0, 0, 0]
[-11, 34, 0]
[0, 0, 1]
[-5, -1, 1]
[-41, 13, 0]
[-40, 23, 0]
[-9, 15, 1]
[-36, 33, 0]
[-3, 5, 1]
[-19, 11, 1]
[-27, 12, 0]
[4, 28, 0]
[-29, 0, 0]
[-27, 2, 0]
[-7, 0, 1]
[-24, 16, 0]
[-48, 31, 1]
[68, 132, 1]
[-6, 9, 1]
[-14, 9, 1]
[-15, 16, 1]
[-8, 11, 0]
[2, 30, 1]
[-2, -5, 1]
[2, 10, 0]
[3, -6, 1]
[-82, 55, 0]
[5, -3, 1]
[-11, 2, 0]
[-1, 16, 1]
[13, 10, 0]
[-3, 13, 1]
[6, 10, 1]
[-10, -5, 1]
[-14, -2, 0]
[-24, 1, 0]
[-17, -1, 1]
[-19, 4, 0]
[12, 56, 1]
[-11, 3, 1]
[-16, 5, 0]
[-6, 8, 1]
[6, 9, 1]
[-8, 15, 0]
[11, 5, 0]
[-11, 3, 1]
[-26, 3, 1]
[-18, -3, 0]
[51, 5, 0]
[6, 0, 1]
[-12, 16, 0]
[-5, 28, 0]
[-39, 21, 1]
[-19, 11, 0]
[-18, 15, 1]
[0, 0, 1]
[18, 36, 0]
[15, 11, 0]
[-2, 13, 1]
[-13, 10, 1]
[6, -1, 1]
[-2, 19, 1]
[-4, 1, 0]
[6, 15, 0]
[-6, 25, 0]
[-25, 0, 1]
[-5, 16, 0]
[0, 0, 1]
[11, 8, 1]
[-20, 8, 1]
[-12, 55, 1]
[-18, 6, 1]
[-18, 2, 0]
[0, 7, 1]
[-19, 6, 0]
[-24, 11, 0]
[19, 116, 1]
[17, 10, 1]
[22, 4, 1]
[-71, 120, 1]
[-4, 55, 0]
[-25, -6, 1]
[67, 25, 1]
[0, 0, 1]
[3, -1, 0]
[0, 0, 1]
[6, -3, 0]
[-18, -3, 1]
[-2, 10, 1]
[13, 4, 0]
[21, 5, 0]
[21, 10, 1]
[7, 27, 0]
[-14, 6, 0]
[16, 1, 1]
[-3, 6, 1]
[-2, 16, 1]
[0, 10, 0]
[-13, 4, 1]
[-2, 17, 1]
[3, 11, 0]
[-3, 0, 1]
[-13, -5, 1]
[2, 52, 0]
[-20, -4, 0]
[-18, 13, 1]
[-9, 17, 1]
[18, 16, 0]
[-31, 14, 0]
[-6, 29, 1]
[-2, 57, 1]
[-22, 15, 0]
[14, 61, 1]
[-29, 9, 0]
[0, 0, 0]
[4, 7, 1]
[-1, 57, 0]
[-1, 16, 1]
[-2, 18, 0]
[-41, 59, 0]
[-25, 17, 0]
[0, 0, 1]
[-20, -4, 1]
[-32, 20, 0]
[-41, 13, 0]
[2, 11, 1]
[9, 38, 1]
[11, 6, 1]
[-3, 16, 1]
[-3, 21, 1]
[-1, 15, 1]
[18, 40, 1]
[14, 2, 1]
[-4, 0, 1]
[2, 6, 1]
[19, 58, 1]
[9, 13, 1]
[9, 0, 1]
[-54, 24, 0]
[35, 83, 1]
[-11, 22, 1]
[-52, 57, 1]
[-15, 6, 1]
[9, 24, 1]
[18, 40, 0]
[20, -4, 1]
[-73, 232, 0]
[22, 5, 1]
[71, 47, 0]
[-26, 14, 0]
[-82, 41, 1]
[-70, 31, 0]
[-25, 2, 1]
[-38, 55, 1]
[0, 0, 1]
[-8, 12, 1]
[-19, 7, 1]
[-23, 18, 1]
[-21, 11, 0]
[-179, 161, 1]
[-9, 15, 1]
[14, 42, 0]
[0, 0, 1]
[12, 25, 1]
[22, 11, 0]
[-35, 27, 1]
[-23, 73, 1]
[-34, 22, 0]
[-16, 29, 1]
[14, 62, 1]
[24, 23, 1]
[2, 32, 0]
[2, 13, 1]
[-20, 13, 0]
[0, 8, 1]
[19, 34, 0]
[143, 207, 0]
[8, 18, 1]
[-3, 25, 0]
[6, 12, 1]
[0, 23, 0]
[-13, 32, 0]
[-10, 3, 0]
[0, 0, 1]
[1, 109, 0]
[-11, 3, 0]
[0, 1, 1]
[6, 26, 0]
[-3, 6, 1]
[-13, 10, 0]
[-18, 26, 1]
[25, 9, 1]
[-8, 16, 0]
[-18, 9, 1]
[6, 40, 1]
[-2, 16, 1]
[-9, 13, 0]
[-11, 5, 1]
[-23, -11, 0]
[-7, 27, 0]
[0, 0, 0]
[-24, 10, 1]
[-34, 16, 0]
[-20, 27, 0]
[-30, 15, 1]
[-12, 11, 1]
[-1, 31, 0]
[0, 0, 1]
[6, 1, 1]
[-22, 27, 0]
[19, 5, 1]
[16, 0, 1]
[-30, 7, 0]
[-7, -1, 1]
[-3, 23, 1]
[-20, 7, 1]
[-14, 5, 1]
[-84, 252, 0]
[5, 21, 1]
[-14, 2, 1]
[-20, 7, 1]
[2, 34, 1]
[-9, 1, 1]
[13, 10, 0]
[-25, 0, 0]
[3, 3, 1]
[-18, -4, 1]
[-9, 6, 1]
[-2, 34, 1]
[2, 51, 1]
[-15, 10, 0]
[24, 22, 0]
[-19, 21, 0]
[29, 60, 0]
[-20, 2, 1]
[-22, 8, 1]
[-25, 7, 1]
[-5, 60, 1]
[-23, 5, 0]
[-19, 7, 0]
[-34, 12, 1]
[-16, 7, 0]
[0, 6, 1]
[-197, 154, 1]
[-25, 7, 0]
[-6, 7, 0]
[91, 233, 0]
[-3, 18, 1]
[18, 6, 0]
[-14, 0, 1]
[-20, 3, 1]
[23, 0, 1]
[-16, 4, 1]
[-31, 13, 1]
[-11, 1, 1]
[-6, 62, 0]
[18, 89, 0]
[0, 41, 0]
[-11, 5, 1]
[-55, 11, 0]
[11, -4, 1]
[-65, 241, 0]
[14, 2, 0]
[-20, 11, 0]
[-1, 0, 1]
[4, 1, 1]
[-29, 68, 0]
[-11, -1, 0]
[-14, -12, 1]
[-122, 224, 1]
[9, 3, 1]
[2, 38, 0]
[1, 27, 1]
[-25, 32, 1]
[22, 8, 1]
[-20, 11, 1]
[5, 25, 1]
[-18, 0, 1]
[-22, -2, 0]
[-15, -4, 1]
[19, -2, 1]
[-13, 250, 1]
[-6, 2, 1]
[-19, 2, 1]
[21, 5, 0]
[-1, 0, 1]
[-5, 3, 1]
[-4, 17, 1]
[-4, 8, 1]
[-3, 3, 0]
[-3, 9, 1]
[-5, 16, 1]
[-3, 8, 0]
[-2, 11, 1]
[-9, -2, 0]
[-1, -6, 0]
[-5, 5, 0]
[-1, -5, 0]
[-21, 8, 0]
[-21, -11, 1]
[-16, 0, 1]
[9, 6, 1]
[20, 8, 0]
[-11, 1, 1]
[-4, 0, 1]
[0, 11, 1]
[-3, -3, 1]
[11, -4, 0]
[-30, 1, 0]
[2, 11, 1]
[-17, 11, 1]
[-3, 4, 1]
[-45, 34, 1]
[2, 25, 1]
[-22, 4, 1]
[-29, -2, 0]
[-4, 66, 0]
[-11, 5, 1]
[13, 16, 0]
[-6, 1, 1]
[-24, -11, 0]
[3, -8, 1]
[-20, 2, 1]
[-3, 11, 1]
[-18, 2, 1]
[-5, 6, 0]
[-11, 32, 0]
[-1, 2, 1]
[2, 8, 1]
[0, 0, 1]
[15, 11, 1]
[11, 29, 0]
[-10, 34, 0]
[-6, 0, 1]
[14, 261, 0]
[12, 8, 1]
[-9, 0, 0]
[0, 0, 1]
[-2, 6, 1]
[-6, 11, 1]
[-6, 6, 1]
[-16, 11, 1]
[6, -3, 1]
[-1, 2, 1]
[-2, 1, 1]
[4, 0, 1]
[11, 10, 1]
[-7, 0, 1]
[-7, 11, 1]
[0, 15, 1]
[-2, 16, 1]
[40, 5, 1]
[141, 201, 0]
[5, 1, 1]
[-13, -2, 1]
[-11, 10, 0]
[-8, 23, 0]
[2, 4, 1]
[3, 7, 1]
[-18, 22, 0]
[-7, 11, 1]
[2, 8, 1]
[4, 17, 1]
[-2, 4, 1]
[117, 229, 1]
[1, 90, 1]
[-9, 14, 1]
[7, 9, 1]
[19, 11, 1]
[-5, 1, 1]
[5, 8, 1]
[-25, 6, 0]
[-22, -3, 1]
[-12, 6, 1]
[0, 0, 1]
[8, 13, 1]
[6, 18, 1]
[-22, 12, 0]
[0, 25, 0]
[30, 5, 0]
[-19, 5, 0]
[-6, 10, 1]
[-29, 3, 1]
[-239, 11, 1]
[-16, 0, 1]
[-15, -6, 1]
[-8, 9, 1]
[-145, 216, 0]
[1, 21, 1]
[-2, 5, 1]
[-11, 3, 1]
[17, 0, 0]
[33, 10, 1]
[23, 0, 1]
[35, 27, 1]
[4, 7, 1]
[-6, 5, 1]
[14, 26, 0]
[-17, 1, 1]
[-16, 7, 0]
[7, 24, 1]
[-26, 253, 0]
[16, 6, 0]
[24, -2, 0]
[-2, 56, 0]
[-18, 1, 1]
[9, -1, 0]
[-17, 12, 0]
[-24, 2, 0]
[0, 0, 1]
[18, 23, 1]
[-20, 5, 1]
[-9, 10, 1]
[0, 0, 1]
[0, 16, 0]
[-22, 0, 1]
[-12, 11, 1]
[-16, 0, 1]
[-23, 0, 1]
[-22, 4, 0]
[-16, 37, 0]
[15, 0, 1]
[-25, 11, 1]
[18, 4, 1]
[-17, 23, 1]
[-19, 6, 0]
[-25, 7, 0]
[-22, 18, 0]
[-8, 33, 1]
[-29, 13, 1]
[11, 30, 1]
[8, 46, 0]
[-18, 8, 1]
[-26, 15, 0]
[-6, 6, 1]
[1, 4, 1]
[-15, 3, 1]
[-8, 20, 1]
[-19, 8, 1]
[14, 88, 1]
[6, 23, 1]
[11, 17, 0]
[24, 18, 1]
[4, 4, 1]
[19, 28, 0]
[20, 10, 1]
[4, 2, 1]
[38, 41, 0]
[-5, 4, 1]
[6, 5, 1]
[13, 259, 0]
[6, 10, 1]
[0, 0, 1]
[8, 7, 1]
[17, 29, 0]
[-6, 25, 0]
[18, 16, 1]
[3, 15, 0]
[-40, 36, 0]
[-58, 250, 0]
[-11, 21, 0]
[-4, 8, 1]
[1, 14, 1]
[-8, 6, 1]
[-10, 34, 0]
[-18, -5, 1]
[33, 15, 0]
[-21, 3, 0]
[0, 0, 1]
[-19, 19, 0]
[7, 19, 1]
[-26, 9, 0]
[-25, -2, 1]
[0, 0, 1]
[-19, 15, 0]
[0, 0, 1]
[24, 21, 0]
[10, 68, 0]
[8, 41, 1]
[-27, 5, 1]
[-16, 0, 1]
[0, 0, 0]
[-13, 9, 0]
[-14, 22, 0]
[0, 25, 1]
[27, -8, 1]
[-10, 6, 1]
[-18, 0, 1]
[-17, 2, 1]
[20, 7, 1]
[-17, 8, 0]
[0, 0, 1]
[0, 0, 0]
[20, 5, 0]
[-23, 0, 1]
[8, -13, 1]
[-9, 47, 0]
[-2, 14, 1]
[-14, 0, 1]
[14, 6, 1]
[-11, 1, 0]
[-5, 3, 1]
[-3, 15, 1]
[-34, 15, 0]
[-1, 11, 1]
[8, 8, 0]
[-28, 8, 0]
[0, 0, 1]
[22, 25, 0]
[-19, 0, 1]
[-2, 17, 1]
[-22, 11, 0]
[3, -4, 1]
[-36, -5, 0]
[7, 21, 1]
[13, 8, 1]
[-3, 35, 1]
[2, 30, 0]
[1, 5, 1]
[-10, 8, 0]
[-5, 27, 0]
[-20, 14, 0]
[12, 6, 1]
[-29, 19, 0]
[-18, 9, 1]
[-3, 22, 1]
[-18, 4, 0]
[-28, 5, 0]
[-14, 13, 1]
[-19, 5, 1]
[31, 23, 1]
[24, 11, 0]
[-22, 52, 0]
[-19, 12, 0]
[2, 25, 1]
[-7, 2, 1]
[6, 6, 1]
[-24, 2, 1]
[2, 42, 0]
[21, 37, 0]
[-16, 7, 1]
[0, 0, 1]
[-9, 24, 0]
[-10, 6, 1]
[-3, 21, 1]
[-6, 1, 1]
[17, 3, 0]
[-7, 4, 1]
[-20, 4, 1]
[0, 0, 0]
[11, 2, 0]
[-19, 8, 1]
[-16, 16, 0]
[2, 17, 1]
[16, 8, 1]
[8, 46, 0]
[-14, 12, 1]
[-2, -1, 1]
[25, 8, 0]
[22, 10, 0]
[0, 0, 1]
[-6, 1, 1]
[-14, 6, 0]
[0, 0, 1]
[-20, 5, 0]
[13, 11, 1]
[-20, 1, 1]
[8, -6, 0]
[-22, 11, 1]
[9, 22, 1]
[-18, 2, 1]
[3, 3, 1]
[-16, 3, 1]
[23, 47, 1]
[1, 6, 1]
[-26, 9, 0]
[11, 5, 1]
[-3, 1, 1]
[14, 1, 1]
[-20, 3, 0]
[-14, 4, 1]
[20, 10, 1]
[-5, 3, 1]
[7, 10, 1]
[-4, 11, 1]
[-16, 2, 1]
[-18, 8, 0]
[-22, 23, 0]
[-7, 4, 1]
[6, 10, 0]
[-3, 8, 1]
[-17, 0, 1]
[-114, 62, 0]
[13, 32, 1]
[-9, -5, 1]
[-62, 59, 0]
[-37, 20, 0]
[0, 0, 1]
[-51, 21, 0]
[-9, 4, 1]
[-8, 63, 0]
[-4, 6, 1]
[-42, 24, 1]
[-24, 3, 0]
[6, 49, 0]
[4, 0, 1]
[-2, 13, 1]
[3, 32, 0]
[-6, 7, 1]
[-84, 41, 1]
[8, 11, 0]
[-58, 42, 0]
[-8, -3, 1]
[-33, 20, 1]
[-31, 19, 0]
[-42, 48, 0]
[-4, 3, 1]
[-14, 43, 1]
[-27, 14, 1]
[-6, 15, 1]
[-94, -5, 0]
[26, 258, 1]
[-43, 43, 1]
[-81, 49, 0]
[-60, 2, 1]
[51, 18, 1]
[25, 52, 0]
[0, 0, 1]
[-12, 20, 1]
[-70, 64, 0]
[0, 0, 1]
[-24, 1, 1]
[-19, 6, 0]
[-3, 62, 0]
[11, 1, 1]
[-19, -1, 1]
[-18, 3, 1]
[2, 20, 1]
[-6, 1, 1]
[118, 238, 1]
[10, 4, 1]
[-18, 5, 1]
[0, 1, 1]
[22, 7, 0]
[-14, 22, 1]
[-14, -1, 1]
[-9, 1, 1]
[2, 10, 1]
[-11, -1, 1]
[0, 0, 1]
[20, 1, 1]
[-14, 5, 1]
[3, 13, 0]
[-10, 1, 1]
[-30, -1, 0]
[-14, -1, 1]
[13, -2, 1]
[-10, -2, 1]
[25, 4, 1]
[-163, 205, 0]
[-5, 7, 1]
[-1, 15, 0]
[0, 0, 1]
[-22, -3, 0]
[16, 36, 1]
[2, 21, 1]
[-17, 5, 1]
[-182, 225, 0]
[11, -4, 0]
[0, 6, 1]
[-13, 13, 0]
[43, -10, 1]
[-22, 0, 1]
[-11, 5, 1]
[11, 17, 1]
[-16, -1, 1]
[5, 22, 1]
[-11, -1, 0]
[-32, 24, 0]
[-48, -2, 0]
[-14, -6, 1]
[14, 13, 1]
[22, 14, 1]
[-22, 5, 0]
[-2, 6, 0]
[-26, -1, 0]
[-11, -5, 1]
[47, 87, 0]
[20, 25, 1]
[5, 38, 0]
[-22, 20, 1]
[-23, 46, 0]
[2, 38, 0]
[0, 39, 1]
[13, 50, 1]
[-28, 34, 1]
[-20, 23, 1]
[-27, 18, 1]
[25, 50, 0]
[-32, 36, 0]
[3, 14, 1]
[0, 6, 1]
[-4, 26, 1]
[-24, 257, 1]
[0, 29, 0]
[0, 0, 0]
[2, 11, 1]
[30, 31, 0]
[-4, 5, 0]
[-38, 60, 0]
[-17, 6, 1]
[-14, -3, 1]
[-52, 64, 1]
[5, 4, 1]
[-2, 15, 1]
[-22, 25, 0]
[0, 10, 1]
[-7, 16, 1]
[-22, 11, 0]
[17, 1, 1]
[-37, 17, 0]
[9, 4, 0]
[17, 72, 0]
[-11, 5, 0]
[-14, 8, 1]
[1, 10, 1]
[12, 6, 0]
[-7, 1, 0]
[-6, 58, 1]
[-22, 53, 0]
[0, 0, 1]
[-20, 5, 0]
[-19, 0, 1]
[-9, 7, 1]
[-11, 5, 0]
[-23, 47, 0]
[0, 259, 0]
[3, 60, 0]
[15, 2, 1]
[-20, -1, 1]
[-13, 6, 0]
[15, -3, 0]
[0, 0, 0]
[-20, 11, 1]
[-21, -10, 1]
[-26, -12, 1]
[5, 14, 1]
[-8, 9, 0]
[1, 27, 0]
[5, 16, 1]
[9, 3, 1]
[12, 9, 1]
[-26, 11, 0]
[-29, 1, 0]
[-13, -6, 1]
[20, 9, 0]
[-98, 9, 1]
[-3, -1, 1]
[7, 20, 1]
[7, 19, 0]
[5, 10, 1]
[-62, 41, 0]
[13, -8, 1]
[-8, 21, 0]
[0, 0, 1]
[2, 10, 1]
[-2, 14, 0]
[2, 14, 1]
[-6, 5, 1]
[1, 6, 1]
[-13, 8, 1]
[-9, 16, 1]
[-2, 2, 1]
[2, 12, 1]
[0, 2, 1]
[-58, 68, 0]
[3, 17, 0]
[0, 0, 1]
[11, 7, 1]
[13, -8, 1]
[-94, 5, 0]
[0, 69, 0]
[0, 7, 1]
[2, 29, 1]
[-78, 25, 1]
[-87, 22, 1]
[-1, 21, 1]
[-11, 10, 1]
[38, 25, 0]
[0, -1, 1]
[-17, 12, 1]
[-61, -3, 0]
[-24, 14, 0]
[-21, 6, 0]
[1, 24, 0]
[-6, -6, 1]
[-14, 22, 0]
[-21, -1, 1]
[-102, -10, 1]
[-3, -1, 1]
[-5, -4, 1]
[0, 34, 0]
[-16, 12, 1]
[-8, 57, 1]
[0, 0, 0]
[23, 19, 1]
[-22, 7, 0]
[-35, 7, 1]
[9, 43, 0]
[-16, 0, 1]
[22, 5, 0]
[0, 0, 1]
[2, 20, 1]
[-164, 202, 0]
[-3, 21, 1]
[-18, -7, 1]
[13, 55, 0]
[2, 51, 1]
[-76, 8, 0]
[158, 206, 0]
[-8, 46, 1]
[-6, 53, 0]
[-8, 61, 1]
[-11, 79, 0]
[-19, 53, 1]
[-9, 74, 0]
[5, 68, 0]
[-20, 64, 1]
[-67, 27, 1]
[6, 32, 1]
[25, 60, 0]
[-16, 25, 1]
[-7, 47, 1]
[-2, 26, 1]
[9, 67, 0]
[0, 0, 0]
[-20, 34, 0]
[-9, 52, 0]
[-5, 11, 0]
[-91, 96, 1]
[-14, 13, 1]
[9, 8, 1]
[99, 237, 0]
[30, 24, 0]
[8, 13, 1]
[-4, 3, 1]
[-48, 38, 0]
[114, 216, 0]
[67, 41, 1]
[4, 1, 1]
[-13, -5, 1]
[-14, 17, 0]
[-27, 23, 0]
[2, 13, 1]
[6, 0, 1]
[13, 62, 0]
[-43, 8, 0]
[-3, 13, 1]
[0, 13, 1]
[-223, 132, 0]
[3, 20, 1]
[3, 21, 1]
[-9, 28, 1]
[-38, 58, 1]
[-16, 7, 1]
[-84, 174, 0]
[-62, 6, 1]
[0, 13, 1]
[11, 71, 1]
[-4, 30, 0]
[0, 0, 1]
[-87, 106, 0]
[7, 24, 1]
[0, 22, 1]
[0, 0, 1]
[-29, -10, 1]
[-2, 111, 0]
[-18, 3, 1]
[-38, 36, 0]
[8, 0, 1]
[21, 16, 1]
[-32, 38, 1]
[-36, 46, 1]
[-29, 26, 1]
[0, 74, 0]
[18, 26, 1]
[15, 50, 0]
[-17, 34, 1]
[-39, 15, 1]
[-5, 10, 1]
[-10, 20, 1]
[11, 4, 0]
[10, 59, 0]
[-18, -3, 1]
[16, 1, 0]
[20, 2, 0]
[-13, 5, 1]
[-19, 5, 1]
[29, 29, 1]
[-35, 4, 1]
[-123, 220, 1]
[-15, 4, 1]
[6, 24, 1]
[45, 66, 0]
[-52, 27, 1]
[27, 9, 1]
[-43, 8, 1]
[-11, 62, 0]
[20, 8, 1]
[13, 111, 1]
[-61, 29, 0]
[-11, 1, 0]
[-18, 54, 1]
[-18, 42, 0]
[-27, 18, 1]
[-27, 18, 0]
[2, 34, 1]
[-44, 74, 0]
[-16, 12, 0]
[0, 43, 0]
[-44, 26, 0]
[14, 27, 0]
[-11, 8, 1]
[-66, 17, 1]
[-25, 13, 0]
[-14, 18, 1]
[-33, 21, 1]
[-44, 25, 0]
[-29, 27, 0]
[2, 13, 1]
[-1, 4, 1]
[15, 27, 1]
[98, 464, 0]
[1, 17, 0]
[62, 40, 0]
[5, 1, 0]
[-20, 13, 1]
[-3, 1, 1]
[-9, 105, 0]
[-29, -11, 0]
[3, -2, 1]
[-9, 8, 1]
[-26, 152, 0]
[13, -1, 1]
[16, 57, 1]
[-2, 6, 0]
[-7, -3, 1]
[5, 44, 0]
[0, 0, 1]
[2, 6, 1]
[3, 12, 1]
[-4, 0, 1]
[-36, 24, 1]
[-5, 14, 1]
[6, 3, 1]
[-3, 3, 1]
[-32, 25, 0]
[0, 3, 1]
[-2, 1, 1]
[2, 11, 1]
[-3, -4, 1]
[-18, -1, 0]
[-155, 200, 0]
[0, 23, 1]
[0, 0, 1]
[-22, 5, 1]
[-17, 6, 0]
[-40, 13, 0]
[0, 0, 0]
[-16, 20, 1]
[-3, 7, 1]
[-22, 20, 0]
[-13, 29, 0]
[-17, 22, 1]
[-17, 43, 1]
[17, 22, 1]
[-29, 21, 0]
[6, 29, 1]
[-16, 16, 0]
[-3, 24, 1]
[-21, -12, 0]
[-127, 215, 0]
[0, 0, 1]
[-18, 9, 1]
[-11, 11, 0]
[30, 21, 0]
[4, 21, 0]
[-34, 11, 0]
[-19, 6, 1]
[-12, -4, 1]
[-11, 32, 1]
[-19, 17, 1]
[-9, 0, 1]
[-2, 50, 1]
[18, 8, 0]
[17, 79, 1]
[-14, 14, 0]
[-5, 9, 1]
[-24, 4, 0]
[-36, 22, 0]
[9, 43, 0]
[0, 0, 0]
